####################
1. naloga
####################

true_positives = 308
auc = 0.943259462705622
max_int_len = 0.0079828724823110
smallest_group = (1, a)
knn_mr = 1

####################
2. naloga
####################

err_lm = 0.0997243136506581
err_qm = 0.0976854194032171
e_k0 = 0.1001817444749407
sqnorm_beta = 2.8771587089520150
lambda_0_estimate = 2126.8816822745347963
